node	ACAN	ADAMTSL4	ANAPC11	ARMS2	ASPH	ATN1	ATXN7	BAG6	CACNA1A	CAVIN1	CLPP	COL8A1	CREB5	CXCL5	CYSRT1	DDIAS	DNAJC10	DYRK1A	ECM1	EFEMP2	EGFL7	ELN	EMILIN1	FAM110A	FBLN1	FBLN5	FBLN7	FBN1	FBN2	FBXW5	FN1	FXR1	GFI1B	HOXA1	HSD3B7	HSPA5	HSPG2	HTRA1	IGFBP6	IGFL3	ITM2B	KRTAP111	KRTAP192	LAMA5	LCE1A	LCE1C	LCE2C	LCE3A	LCE3D	LINGO1	LOX	LOXL1	LTBP1	LTBP3	LTBP4	MAGEA3	MEOX2	MFAP1	MFAP2	MFAP3	MFAP4	MFAP5	MRPL12	NID1	NLGN3	NOS3	NUFIP2	OCLN	OTX1	PLSCR1	PLSCR4	PRNP	PROP1	RECQL4	RERE	SGTA	SHANK3	ST14	TFAP2C	TGFB1	TIMP3	TRIM42	VCAN	VTN	ZBTB9	ZFP41	ZNF136	ZNF324	ZNF408	ZNF444	ZNF460	ZNF627	ZNF696	ZNF747	ZNF764	ZNF768
root	0	0	0	0	0	0	0	0	0	0	0	0	0	0	0	0	0	0	0	0	0	0	0	0	0	0	0	0	0	0	0	0	0	0	0	0	0	0	0	0	0	0	0	0	0	0	0	0	0	0	0	0	0	0	0	0	0	0	0	0	0	0	0	0	0	0	0	0	0	0	0	0	0	0	0	0	0	0	0	0	0	0	0	0	0	0	0	0	0	0	0	0	0	0	0	0
root	1	1		1		1			1	1		1	1	1		1	1		1	1	1	1	1		1	1		1	1	1	1	1	1	1	1		1	1		1	1	1	1	1	1	1		1	1	1	1	1			1	1	1	1	1	1	1	1	1	1	1		1	1	1	1	1	1		1				1	1		1	1	1	1	1	1	1	1	1	1	1	1	1	1	1	
G116_24_115	0	0	0	0	0	0	0	0	0	0	0	0	0	0	0	0	0	0	0	0	0	0	0	0	0	0	0	0	0	0	0	0	0	0	0	0	0	0	0	0	0	0	0	0	0	0	0	0	0	0	0	0	0	0	0	0	0	0	0	0	0	0	0	0	0	0	0	0	0	0	0	0	0	0	0	0	0	0	0	0	0	0	0	0	0	0	0	0	0	0	0	0	0	0	0	0
G116_24_115	1	1		1		1			1	1		1	1	1		1	1		1	1	1	1	1		1	1		1	1	1	1	1	1	1	1		1	1		1	1	1	1	1	1	1		1	1	1	1	1			1	1	1	1	1	1	1	1	1	1	1		1	1	1	1	1	1		1				1	1		1	1	1	1	1	1	1	1	1	1	1	1	1	1	1	
G24_0_23	0	0	0	0	0	0	0	0	0	0	0	0	0	0	0	0	0	0	0	0	0	0	0	0	0	0	0	0	0	0	0	0	0	0	0	0	0	0	0	0	0	0	0	0	0	0	0	0	0	0	0	0	0	0	0	0	0	0	0	0	0	0	0	0	0	0	0	0	0	0	0	0	0	0	0	0	0	0	0	0	0	0	0	0	0	0	0	0	0	0	0	0	0	0	0	0
G24_0_23				1		1			1				1									1	1		1	1		1	1				1	1	1											1		1	1								1	1	1	1	1	1					1		1										1					1					1	1						
G115_51_114	0	0	0	0	0	1	0	0	0	0	0	0	0	0	0	0	0	0	0	0	0	1	1	0	0	0	0	1	1	0	0	0	0	1	0	0	0	0	0	0	0	0	0	0	0	0	0	0	0	0	0	0	0	0	0	0	0	1	1	1	1	1	0	0	0	0	1	0	0	0	0	0	0	0	0	0	0	0	1	0	0	0	0	1	0	0	0	0	0	0	0	0	0	0	0	0
G115_51_114	1	1		1					1	1		1	1	1		1	1		1	1	1				1	1				1	1	1	1		1		1	1		1	1	1	1	1	1	1		1	1	1	1	1			1	1	1						1	1	1			1	1	1	1	1		1				1			1	1	1		1	1	1	1	1	1	1	1	1	1	1	
NP001024582.1_6239_0	0	0	0	0	0	0	0	0	0	0	0	0	0	0	0	0	0	0	0	0	0	0	0	0	0	0	0	0	0	0	0	0	0	0	0	0	0	0	0	0	0	0	0	0	0	0	0	0	0	0	0	0	0	0	0	0	0	0	0	0	0	0	0	0	0	0	0	0	0	0	0	0	0	0	0	0	0	0	0	0	0	0	0	0	0	0	0	0	0	0	0	0	0	0	0	0
NP001024582.1_6239_0		1		1	1	1			1	1		1	1	1		1	1		1	1	1	1	1		1	1		1	1	1		1	1	1	1			1		1	1	1	1	1	1	1		1	1	1	1	1			1	1	1	1	1	1	1	1	1		1		1	1	1	1	1	1		1				1	1		1	1		1	1	1	1	1	1	1	1	1	1	1	1	
G23_1_22	0	0	0	0	0	0	0	0	0	0	0	0	0	0	0	0	0	0	0	0	0	0	0	0	0	0	0	0	0	0	0	0	0	0	0	0	0	0	0	0	0	0	0	0	0	0	0	0	0	0	0	0	0	0	0	0	0	0	0	0	0	0	0	0	0	0	0	0	0	0	0	0	0	0	0	0	0	0	0	0	0	0	0	0	0	0	0	0	0	0	0	0	0	0	0	0
G23_1_22				1									1												1	1																																																															1	1						
G51_27_50	0	0	0	0	0	1	0	0	0	0	0	0	0	0	0	0	0	0	0	0	0	1	1	0	0	0	0	1	1	0	0	0	0	1	0	0	0	0	0	0	0	0	0	0	0	0	0	0	0	0	0	0	0	0	0	0	0	1	1	1	1	1	0	0	0	0	1	0	0	0	0	0	0	0	0	0	0	0	1	0	0	0	0	1	0	0	0	0	0	0	0	0	0	0	0	0
G51_27_50	1	1		1					1	1		1	1	1		1			1						1	1				1	1	1	1		1		1	1		1	1	1	1	1	1	1		1	1	1					1		1						1	1	1			1	1	1	1	1						1			1	1	1			1			1	1					1	
G114_52_113	0	0	0	0	0	1	0	0	0	0	0	0	0	0	0	0	0	0	0	0	0	1	1	0	0	0	0	1	1	0	0	0	0	1	0	0	0	0	0	0	0	0	0	0	0	0	0	0	0	0	0	0	0	0	0	0	0	1	1	1	1	1	0	0	0	0	1	0	0	0	0	0	0	0	0	0	0	0	1	0	0	0	0	1	0	0	0	0	0	0	0	0	0	0	0	0
G114_52_113	1	1		1					1	1		1	1	1		1	1		1	1	1				1	1				1	1	1	1		1		1	1		1	1	1	1	1	1	1		1	1	1	1	1			1	1	1						1	1	1			1	1	1	1	1		1				1			1	1	1		1	1	1	1	1	1	1	1	1	1	1	
XP018668081.2_7719_1	0	0	0	0	0	0	0	0	0	0	0	0	0	0	0	0	0	0	0	0	0	0	0	0	0	0	0	0	0	0	0	0	0	0	0	0	0	0	0	0	0	0	0	0	0	0	0	0	0	0	0	0	0	0	0	0	0	0	0	0	0	0	0	0	0	0	0	0	0	0	0	0	0	0	0	0	0	0	0	0	0	0	0	0	0	0	0	0	0	0	0	0	0	0	0	0
XP018668081.2_7719_1		1		1		1			1	1		1	1	1		1	1		1	1	1	1	1		1	1		1	1	1		1	1	1	1			1				1	1		1	1		1	1	1	1	1			1	1	1	1	1	1	1	1	1		1		1	1	1	1	1			1					1		1	1		1	1		1	1	1	1	1	1	1	1		
G22_10_21	0	0	0	0	0	0	0	0	0	0	0	0	0	0	0	0	0	0	0	0	0	0	0	0	0	0	0	0	0	0	0	0	0	0	0	0	0	0	0	0	0	0	0	0	0	0	0	0	0	0	0	0	0	0	0	0	0	0	0	0	0	0	0	0	0	0	0	0	0	0	0	0	0	0	0	0	0	0	0	0	0	0	0	0	0	0	0	0	0	0	0	0	0	0	0	0
G22_10_21				1									1												1	1																																																															1	1						
G27_25_26	0	0	0	0	0	1	0	0	0	0	0	0	0	0	0	0	0	0	0	0	0	1	1	0	0	0	0	1	1	0	0	0	0	1	0	0	0	0	0	0	0	0	0	0	0	0	0	0	0	0	0	0	0	0	0	0	0	1	1	1	1	1	0	0	0	0	1	0	0	0	0	0	0	0	0	0	0	0	1	0	0	0	0	1	0	0	0	0	0	0	0	0	0	0	0	0
G27_25_26	1	1		1					1	1		1	1	1		1	1		1	1	1				1	1				1	1	1	1		1		1	1		1	1	1	1	1	1	1		1	1	1	1	1			1	1	1						1	1	1			1	1	1	1	1		1				1			1	1	1		1	1	1	1	1	1	1	1	1	1	1	
G50_38_49	1	0	0	0	0	1	0	0	0	0	0	0	0	0	0	0	0	0	0	0	0	1	1	0	0	0	0	1	1	0	1	0	0	1	0	0	1	0	0	0	0	0	0	0	0	0	0	0	0	0	0	0	0	0	0	0	0	1	1	1	1	1	0	1	0	0	1	0	0	0	0	0	0	0	0	0	0	0	1	0	0	0	1	1	0	0	0	0	0	0	0	0	0	0	0	0
G50_38_49		1		1					1	1		1	1	1		1			1						1	1				1		1	1		1			1		1	1	1	1	1	1	1		1	1	1					1		1						1		1			1	1	1	1	1						1			1	1				1			1	1					1	
XP002125565.2_7719_52	0	0	0	0	0	0	0	0	0	0	0	0	0	0	0	0	0	0	0	0	0	0	0	0	0	0	0	0	0	0	0	0	0	0	0	0	0	0	0	0	0	0	0	0	0	0	0	0	0	0	0	0	0	0	0	0	0	0	0	0	0	0	0	0	0	0	0	0	0	0	0	0	0	0	0	0	0	0	0	0	0	0	0	0	0	0	0	0	0	0	0	0	0	0	0	0
XP002125565.2_7719_52	1	1		1	1	1			1	1		1	1	1		1	1		1	1	1	1	1		1	1		1	1	1	1	1	1	1	1		1	1		1	1	1	1	1	1	1		1	1	1	1	1			1	1	1	1	1	1	1	1	1	1	1		1	1	1	1	1	1		1				1	1		1	1	1	1	1	1	1	1	1	1	1	1	1	1	1	
G113_73_112	0	0	0	0	0	1	0	0	0	0	0	0	0	0	0	0	0	0	0	0	0	1	1	0	0	0	0	1	1	0	0	0	0	1	0	0	0	0	0	0	0	0	0	0	0	0	0	0	0	0	0	0	0	0	0	0	0	1	1	1	1	1	0	0	0	0	1	0	0	0	0	0	0	0	0	0	0	0	1	0	0	0	0	1	0	0	0	0	0	0	0	0	0	0	0	0
G113_73_112		1		1	1				1	1		1	1	1		1	1		1	1	1				1	1				1		1	1		1			1		1	1	1	1	1	1	1		1	1	1	1	1			1	1	1						1		1			1	1	1	1	1		1				1			1	1			1	1	1	1	1	1	1	1	1	1	1	
G10_4_9	0	0	0	0	0	0	0	0	0	0	0	0	0	0	0	0	0	0	0	0	0	0	0	0	0	0	0	0	0	0	0	0	0	0	0	0	0	0	0	0	0	0	0	0	0	0	0	0	0	0	0	0	0	0	0	0	0	0	0	0	0	0	0	0	0	0	0	0	0	0	0	0	0	0	0	0	0	0	0	0	0	0	0	0	0	0	0	0	0	0	0	0	0	0	0	0
G10_4_9				1									1												1	1																																																1															1	1						
G21_11_20	0	0	0	0	0	0	0	0	0	0	0	0	0	0	0	0	0	0	0	0	0	0	0	0	0	0	0	0	0	0	0	0	0	0	0	0	0	0	0	0	0	0	0	0	0	0	0	0	0	0	0	0	0	0	0	0	0	0	0	0	0	0	0	0	0	0	0	0	0	0	0	0	0	0	0	0	0	0	0	0	0	0	0	0	0	0	0	0	0	0	0	0	0	0	0	0
G21_11_20				1									1												1	1																																																															1	1						
XP018668509.1_7719_25	0	0	0	0	0	0	0	0	0	0	0	0	0	0	0	0	0	0	0	0	0	0	0	0	0	0	0	0	0	0	0	0	0	0	0	0	0	0	0	0	0	0	0	0	0	0	0	0	0	0	0	0	0	0	0	0	0	0	0	0	0	0	0	0	0	0	0	0	0	0	0	0	0	0	0	0	0	0	0	0	0	0	0	0	0	0	0	0	0	0	0	0	0	0	0	0
XP018668509.1_7719_25	1	1		1	1	1			1	1		1	1	1		1	1		1	1	1	1	1		1	1		1	1	1	1	1	1	1	1		1	1		1	1	1	1	1	1	1		1	1	1	1	1			1	1	1	1	1	1	1	1	1	1	1		1	1	1	1	1	1		1				1	1		1	1	1	1	1	1	1	1	1	1	1	1	1	1	1	
NP001293878.1_6239_26	0	0	0	0	0	0	0	0	0	0	0	0	0	0	0	0	0	0	0	0	0	0	0	0	0	0	0	0	0	0	0	0	0	0	0	0	0	0	0	0	0	0	0	0	0	0	0	0	0	0	0	0	0	0	0	0	0	0	0	0	0	0	0	0	0	0	0	0	0	0	0	0	0	0	0	0	0	0	0	0	0	0	0	0	0	0	0	0	0	0	0	0	0	0	0	0
NP001293878.1_6239_26	1	1		1	1	1			1	1		1	1	1		1	1		1	1	1	1	1		1	1		1	1	1	1	1	1	1	1		1	1		1	1	1	1	1	1	1		1	1	1	1	1			1	1	1	1	1	1	1	1	1	1	1		1	1	1	1	1	1		1				1	1		1	1	1	1	1	1	1	1	1	1	1	1	1	1	1	
G38_28_37	1	0	0	0	0	1	0	0	0	0	0	0	0	0	0	0	0	0	0	0	0	1	1	0	0	0	0	1	1	0	1	0	0	1	0	0	1	0	0	0	0	0	0	0	0	0	0	0	0	0	0	0	0	0	0	0	0	1	1	1	1	1	0	1	0	0	1	0	0	0	0	0	0	0	0	0	0	0	1	0	0	0	1	1	0	0	0	0	0	0	0	0	0	0	0	0
G38_28_37		1		1					1	1			1	1		1			1						1	1						1	1		1			1		1	1	1	1		1	1		1	1	1					1		1						1		1			1	1	1	1	1						1			1	1				1			1	1					1	
G49_39_48	1	0	0	0	0	1	0	0	0	0	0	0	0	0	0	0	0	0	0	0	0	1	1	0	0	0	0	1	1	0	1	0	0	1	0	0	1	0	0	0	0	0	0	0	0	0	0	0	0	0	0	0	0	0	0	0	0	1	1	1	1	1	0	1	0	0	1	0	0	0	0	0	0	0	0	0	0	0	1	0	0	0	1	1	0	0	0	0	0	0	0	0	0	0	0	0
G49_39_48									1			1	1												1	1				1			1		1									1		1		1	1								1												1																				1	1						
G73_53_72	0	0	0	0	0	0	0	0	0	0	0	0	0	0	0	0	0	0	0	0	0	0	0	0	0	0	0	0	0	0	0	0	0	0	0	0	0	0	0	0	0	0	0	0	0	0	0	0	0	0	0	0	0	0	0	0	0	0	0	0	0	0	0	0	0	0	0	0	0	0	0	0	0	0	0	0	0	0	0	0	0	0	0	0	0	0	0	0	0	0	0	0	0	0	0	0
G73_53_72		1			1	1			1	1		1	1	1		1	1		1	1	1	1	1		1	1		1	1	1		1	1	1	1			1				1	1		1	1		1	1	1	1	1			1	1	1	1	1	1	1	1	1		1		1	1	1	1	1			1					1		1	1		1	1		1	1	1	1	1	1	1	1		
G112_74_111	0	0	0	0	0	1	0	0	0	0	0	0	0	0	0	0	0	0	0	0	0	1	1	0	0	0	0	1	1	0	0	0	0	1	0	0	0	0	0	0	0	0	0	0	0	0	0	0	0	0	0	0	0	0	0	0	0	1	1	1	1	1	0	0	0	0	1	0	0	0	0	0	0	0	0	0	0	0	1	0	0	0	0	1	0	0	0	0	0	0	0	0	0	0	0	0
G112_74_111		1	1		1		1	1	1	1	1	1	1	1	1	1	1	1	1	1	1			1	1	1				1		1	1		1			1	1	1	1	1	1	1	1	1	1	1	1	1	1	1	1	1	1	1	1						1		1	1		1	1	1	1	1	1	1	1	1	1	1		1	1	1			1	1	1	1	1	1	1	1	1	1	1	1
G4_2_3	0	0	0	0	0	0	0	0	0	0	0	0	0	0	0	0	0	0	0	0	0	0	0	0	0	0	0	0	0	0	0	0	0	0	0	0	0	0	0	0	0	0	0	0	0	0	0	0	0	0	0	0	0	0	0	0	0	0	0	0	0	0	0	0	0	0	0	0	0	0	0	0	0	0	0	0	0	0	0	0	0	0	0	0	0	0	0	0	0	0	0	0	0	0	0	0
G4_2_3				1									1												1	1																																																1															1	1						
G9_5_8	0	0	0	0	0	0	0	0	0	0	0	0	0	0	0	0	0	0	0	0	0	0	0	0	0	0	0	0	0	0	0	0	0	0	0	0	0	0	0	0	0	0	0	0	0	0	0	0	0	0	0	0	0	0	0	0	0	0	0	0	0	0	0	0	0	0	0	0	0	0	0	0	0	0	0	0	0	0	0	0	0	0	0	0	0	0	0	0	0	0	0	0	0	0	0	0
G9_5_8																																																																										1																						
XP005160777.1_7955_11	0	0	0	0	0	0	0	0	0	0	0	0	0	0	0	0	0	0	0	0	0	0	0	0	0	0	0	0	0	0	0	0	0	0	0	0	0	0	0	0	0	0	0	0	0	0	0	0	0	0	0	0	0	0	0	0	0	0	0	0	0	0	0	0	0	0	0	0	0	0	0	0	0	0	0	0	0	0	0	0	0	0	0	0	0	0	0	0	0	0	0	0	0	0	0	0
XP005160777.1_7955_11				1									1												1	1																																																															1	1						
G20_12_19	0	0	0	0	0	0	0	0	0	0	0	0	0	0	0	0	0	0	0	0	0	0	0	0	0	0	0	0	0	0	0	0	0	0	0	0	0	0	0	0	0	0	0	0	0	0	0	0	0	0	0	0	0	0	0	0	0	0	0	0	0	0	0	0	0	0	0	0	0	0	0	0	0	0	0	0	0	0	0	0	0	0	0	0	0	0	0	0	0	0	0	0	0	0	0	0
G20_12_19				1									1												1	1																																																															1	1						
XP031754335.1_8364_28	1	0	0	0	0	1	0	0	0	0	0	0	0	0	0	0	0	0	0	0	0	1	1	0	0	0	0	1	1	0	1	0	0	1	0	0	1	0	0	0	0	0	0	0	0	0	0	0	0	0	0	0	0	0	0	0	0	1	1	1	1	1	0	1	0	0	1	0	0	0	0	0	0	0	0	0	0	0	1	0	0	0	1	1	0	0	0	0	0	0	0	0	0	0	0	0
XP031754335.1_8364_28		1		1					1	1			1	1		1			1						1	1						1	1		1			1		1	1	1	1		1	1		1	1	1					1		1						1		1			1	1	1	1	1						1			1	1				1			1	1					1	
G37_29_36	1	0	0	0	0	1	0	0	1	0	0	0	0	0	0	0	0	0	0	0	0	1	1	0	0	0	0	1	1	0	1	0	1	1	0	0	1	0	0	0	0	0	0	0	0	1	0	1	0	0	0	0	0	0	0	0	1	1	1	1	1	1	0	1	0	0	1	0	0	0	0	0	0	0	0	0	0	0	1	0	0	0	1	1	0	0	0	0	0	0	0	0	0	0	0	0
G37_29_36		1		1						1			1	1		1			1						1	1						1						1		1	1	1	1		1					1					1								1		1			1		1	1	1						1			1	1				1			1	1					1	
XP001341277.2_7955_39	1	0	0	0	0	1	0	0	0	0	0	0	0	0	0	0	0	0	0	0	0	1	1	0	0	0	0	1	1	0	1	0	0	1	0	0	1	0	0	0	0	0	0	0	0	0	0	0	0	0	0	0	0	0	0	0	0	1	1	1	1	1	0	1	0	0	1	0	0	0	0	0	0	0	0	0	0	0	1	0	0	0	1	1	0	0	0	0	0	0	0	0	0	0	0	0
XP001341277.2_7955_39									1			1	1												1	1				1			1		1									1		1		1	1								1												1																				1	1						
G48_40_47	1	0	0	0	0	1	0	0	0	0	0	0	0	0	0	0	0	0	0	0	0	1	1	0	0	0	0	1	1	0	1	0	0	1	0	0	1	0	0	0	0	0	0	0	0	0	0	0	0	0	0	0	0	0	0	0	0	1	1	1	1	1	0	1	0	0	1	0	0	0	0	0	0	0	0	0	0	0	1	0	0	0	1	1	0	0	0	0	0	0	0	0	0	0	0	0
G48_40_47									1			1	1												1	1				1			1		1									1		1		1	1								1												1																				1	1						
XP002119967.2_7719_53	0	0	0	0	0	0	0	0	0	0	0	0	0	0	0	0	0	0	0	0	0	0	0	0	0	0	0	0	0	0	0	0	0	0	0	0	0	0	0	0	0	0	0	0	0	0	0	0	0	0	0	0	0	0	0	0	0	0	0	0	0	0	0	0	0	0	0	0	0	0	0	0	0	0	0	0	0	0	0	0	0	0	0	0	0	0	0	0	0	0	0	0	0	0	0	0
XP002119967.2_7719_53		1		1	1	1			1	1		1	1	1		1	1		1	1	1	1	1		1	1		1	1	1		1	1	1	1			1		1	1	1	1	1	1	1		1	1	1	1	1			1	1	1	1	1	1	1	1	1		1		1	1	1	1	1	1		1				1	1		1	1		1	1	1	1	1	1	1	1	1	1	1	1	
G72_60_71	0	0	0	0	0	0	0	0	0	0	0	0	0	0	0	0	0	0	0	0	0	0	0	0	0	0	0	0	0	0	0	0	0	0	0	0	0	0	0	0	0	0	0	0	0	0	0	0	0	0	0	0	0	0	0	0	0	0	0	0	0	0	0	0	0	0	0	0	0	0	0	0	0	0	0	0	0	0	0	0	0	0	0	0	0	0	0	0	0	0	0	0	0	0	0	0
G72_60_71					1	1			1				1									1	1		1	1		1	1					1	1											1		1	1									1	1	1	1	1					1												1					1					1	1						
XP002128973.1_7719_74	0	0	0	0	0	0	0	0	0	0	0	0	0	0	0	0	0	0	0	0	0	0	0	0	0	0	0	0	0	0	0	0	0	0	0	0	0	0	0	0	0	0	0	0	0	0	0	0	0	0	0	0	0	0	0	0	0	0	0	0	0	0	0	0	0	0	0	0	0	0	0	0	0	0	0	0	0	0	0	0	0	0	0	0	0	0	0	0	0	0	0	0	0	0	0	0
XP002128973.1_7719_74		1		1	1	1			1	1		1	1	1		1	1	1	1	1	1	1	1		1	1		1	1	1		1	1	1	1			1		1	1	1	1	1	1	1		1	1	1	1	1	1		1	1	1	1	1	1	1	1	1		1		1	1	1	1	1	1		1				1	1	1	1	1		1	1	1	1	1	1	1	1	1	1	1	1	
G111_85_110	0	0	0	0	0	1	0	0	0	0	0	0	0	0	0	0	0	1	0	0	0	1	1	0	0	0	0	1	1	0	0	0	1	1	0	0	0	0	0	0	0	0	0	0	0	0	0	0	0	0	0	0	1	0	0	0	1	1	1	1	1	1	0	0	0	0	1	0	1	0	0	0	0	0	0	0	0	0	1	1	0	0	0	1	0	0	0	0	0	0	0	0	0	0	0	0
G111_85_110		1	1		1		1	1	1	1	1	1	1	1	1		1			1	1			1	1	1				1		1			1				1	1	1	1		1	1	1	1	1	1	1	1	1		1	1	1							1			1				1	1	1	1	1	1	1	1	1				1			1	1	1	1	1	1	1	1	1	1	1	1
XP031747766.1_8364_2	0	0	0	0	0	0	0	0	0	0	0	0	0	0	0	0	0	0	0	0	0	0	0	0	0	0	0	0	0	0	0	0	0	0	0	0	0	0	0	0	0	0	0	0	0	0	0	0	0	0	0	0	0	0	0	0	0	0	0	0	0	0	0	0	0	0	0	0	0	0	0	0	0	0	0	0	0	0	0	0	0	0	0	0	0	0	0	0	0	0	0	0	0	0	0	0
XP031747766.1_8364_2				1					1				1												1	1									1											1		1	1																									1															1	1						
XP001920501.5_7955_3	0	0	0	0	0	0	0	0	0	0	0	0	0	0	0	0	0	0	0	0	0	0	0	0	0	0	0	0	0	0	0	0	0	0	0	0	0	0	0	0	0	0	0	0	0	0	0	0	0	0	0	0	0	0	0	0	0	0	0	0	0	0	0	0	0	0	0	0	0	0	0	0	0	0	0	0	0	0	0	0	0	0	0	0	0	0	0	0	0	0	0	0	0	0	0	0
XP001920501.5_7955_3		1		1					1	1		1	1	1		1	1		1	1	1				1	1				1		1			1			1				1	1		1	1		1	1	1	1	1			1	1							1		1			1		1	1			1							1	1			1		1	1	1	1	1	1	1	1		
XP010808812.1_9913_5	0	0	0	0	0	0	0	0	0	0	0	0	0	0	0	0	0	0	0	0	0	0	0	0	0	0	0	0	0	0	0	0	0	0	0	0	0	0	0	0	0	0	0	0	0	0	0	0	0	0	0	0	0	0	0	0	0	0	0	0	0	0	0	0	0	0	0	0	0	0	0	0	0	0	0	0	0	0	0	0	0	0	0	0	0	0	0	0	0	0	0	0	0	0	0	0
XP010808812.1_9913_5													1												1	1																																																1															1	1						
G8_6_7	0	0	0	0	0	0	0	0	0	0	0	0	0	0	0	0	0	0	0	0	0	0	0	0	0	0	0	0	0	0	0	0	0	0	0	0	0	0	0	0	0	0	0	0	0	0	0	0	0	0	0	0	0	0	0	0	0	0	0	0	0	0	0	0	0	0	0	0	0	0	0	0	0	0	0	0	0	0	0	0	0	0	0	0	0	0	0	0	0	0	0	0	0	0	0	0
G8_6_7																																																																										1																						
XP012816895.2_8364_12	0	0	0	0	0	0	0	0	0	0	0	0	0	0	0	0	0	0	0	0	0	0	0	0	0	0	0	0	0	0	0	0	0	0	0	0	0	0	0	0	0	0	0	0	0	0	0	0	0	0	0	0	0	0	0	0	0	0	0	0	0	0	0	0	0	0	0	0	0	0	0	0	0	0	0	0	0	0	0	0	0	0	0	0	0	0	0	0	0	0	0	0	0	0	0	0
XP012816895.2_8364_12				1									1												1	1																																																															1	1						
G19_13_18	0	0	0	0	0	0	0	0	0	0	0	0	0	0	0	0	0	0	0	0	0	0	0	0	0	0	0	0	0	0	0	0	0	0	0	0	0	0	0	0	0	0	0	0	0	0	0	0	0	0	0	0	0	0	0	0	0	0	0	0	0	0	0	0	0	0	0	0	0	0	0	0	0	0	0	0	0	0	0	0	0	0	0	0	0	0	0	0	0	0	0	0	0	0	0	0
G19_13_18				1																																																																																												
NP571117.2_7955_29	1	0	0	0	0	1	0	0	0	0	0	0	0	0	0	0	0	0	0	0	0	1	1	0	0	0	0	1	1	0	1	0	1	1	0	0	1	0	0	0	0	0	0	0	0	0	0	0	0	0	0	0	0	0	0	0	1	1	1	1	1	1	0	1	0	0	1	0	0	0	0	0	0	0	0	0	0	0	1	0	0	0	1	1	0	0	0	0	0	0	0	0	0	0	0	0
NP571117.2_7955_29		1		1					1	1			1	1		1			1						1	1						1						1		1	1	1	1		1	1		1		1					1								1		1			1		1	1	1						1			1	1				1			1	1					1	
G36_30_35	1	0	0	0	0	1	0	0	1	0	0	0	0	0	0	0	0	0	0	0	0	1	1	0	0	0	0	1	1	0	1	0	1	1	0	0	1	0	0	0	0	0	0	0	0	1	0	1	0	0	0	0	0	0	0	0	1	1	1	1	1	1	0	1	0	0	1	0	0	0	0	0	0	0	0	0	0	0	1	0	0	0	1	1	0	0	0	0	0	0	0	0	0	0	0	0
G36_30_35		1		1						1			1	1		1			1						1	1						1						1		1	1	1	1		1					1					1								1		1			1		1	1	1						1			1	1				1			1	1					1	
XP017949170.2_8364_40	1	0	0	0	0	1	0	0	0	0	0	0	0	0	0	0	0	0	0	0	0	1	1	0	0	0	0	1	1	0	1	0	0	1	0	0	1	0	0	0	0	0	0	0	0	0	0	0	0	0	0	0	0	0	0	0	0	1	1	1	1	1	0	1	0	0	1	0	0	0	0	0	0	0	0	0	0	0	1	0	0	0	1	1	0	0	0	0	0	0	0	0	0	0	0	0
XP017949170.2_8364_40									1			1	1												1	1				1			1		1									1		1		1	1								1												1																				1	1						
G47_41_46	1	0	0	0	0	1	0	0	0	0	0	0	0	0	0	0	0	0	0	0	0	1	1	0	0	0	0	1	1	0	1	0	0	1	0	0	1	0	0	0	0	0	0	0	0	0	0	0	0	0	0	0	0	0	0	0	0	1	1	1	1	1	0	1	0	0	1	0	1	0	0	0	0	0	0	0	0	0	1	0	0	0	1	1	0	0	0	0	0	0	0	0	0	0	0	0
G47_41_46												1	1												1	1				1					1									1					1																																								1	1						
G60_56_59	0	0	0	0	0	0	0	0	0	0	0	0	0	0	0	0	0	0	0	0	0	0	0	0	0	0	0	0	0	0	0	0	0	0	0	0	0	0	0	0	0	0	0	0	0	0	0	0	0	0	0	0	0	0	0	0	0	0	0	0	0	0	0	0	0	0	0	0	0	0	0	0	0	0	0	0	0	0	0	0	0	0	0	0	0	0	0	0	0	0	0	0	0	0	0	0
G60_56_59					1	1			1				1									1	1		1	1		1	1				1	1	1											1		1	1								1	1	1	1	1	1					1		1										1					1					1	1						
G71_61_70	0	0	0	0	0	0	0	0	0	0	0	0	0	0	0	0	0	0	0	0	0	0	0	0	0	0	0	0	0	0	0	0	0	0	0	0	0	0	0	0	0	0	0	0	0	0	0	0	0	0	0	0	0	0	0	0	0	0	0	0	0	0	0	0	0	0	0	0	0	0	0	0	0	0	0	0	0	0	0	0	0	0	0	0	0	0	0	0	0	0	0	0	0	0	0	0
G71_61_70					1								1												1	1																																																															1	1						
G85_75_84	0	0	0	0	0	1	0	0	0	0	0	0	0	0	0	0	0	1	0	0	0	1	1	0	0	0	0	1	1	0	0	0	1	1	0	0	0	0	0	0	0	0	0	0	0	0	0	0	0	0	0	0	1	0	0	0	1	1	1	1	1	1	0	0	0	0	1	0	1	0	0	0	0	0	0	0	0	0	1	1	0	0	0	1	0	0	0	0	0	0	0	0	0	0	0	0
G85_75_84			1		1		1	1	1		1		1		1		1			1	1			1	1	1									1				1	1	1			1		1	1	1	1		1	1		1		1										1						1	1	1	1	1	1	1							1	1	1	1	1	1	1	1	1	1	1	1
G110_96_109	0	0	1	0	0	1	1	1	0	0	1	0	0	0	1	0	0	1	0	0	0	1	1	1	0	0	0	1	1	0	0	0	1	1	0	0	0	0	1	0	0	0	0	0	0	0	1	0	0	0	0	0	1	1	0	0	1	1	1	1	1	1	0	0	0	1	1	0	1	0	0	0	1	0	1	1	1	0	1	1	0	0	0	1	0	0	0	0	0	0	0	0	0	0	0	1
G110_96_109		1							1	1		1	1	1						1					1	1				1		1			1							1			1	1		1	1	1	1	1			1								1							1	1											1							1	1						
NP001278744.1_9606_6	0	0	0	0	0	0	0	0	0	0	0	0	0	0	0	0	0	0	0	0	0	0	0	0	0	0	0	0	0	0	0	0	0	0	0	0	0	0	0	0	0	0	0	0	0	0	0	0	0	0	0	0	0	0	0	0	0	0	0	0	0	0	0	0	0	0	0	0	0	0	0	0	0	1	0	0	0	0	0	0	0	0	0	0	0	0	0	0	0	0	0	0	0	0	0	0
XP006498564.1_10090_7	0	0	0	0	0	0	0	0	0	0	0	0	0	0	0	0	0	0	0	0	0	0	0	0	0	0	0	0	0	0	0	0	0	0	0	0	0	0	0	0	0	0	0	0	0	0	0	0	0	0	0	0	0	0	0	0	0	0	0	0	0	0	0	0	0	0	0	0	0	0	0	0	0	0	0	0	0	0	0	0	0	0	0	0	0	0	0	0	0	0	0	0	0	0	0	0
XP006498564.1_10090_7													1												1	1																																																1															1	1						
XP025008796.2_9031_13	0	0	0	0	0	0	0	0	0	0	0	0	0	0	0	0	0	0	0	0	0	0	0	0	0	0	0	0	0	0	0	0	0	0	0	0	0	0	0	0	0	0	0	0	0	0	0	0	0	0	0	0	0	0	0	0	0	0	0	0	0	0	0	0	0	0	0	0	0	0	0	0	0	0	0	0	0	0	0	0	0	0	0	0	0	0	0	0	0	0	0	0	0	0	0	0
XP025008796.2_9031_13				1									1												1	1																																																															1	1						
G18_14_17	0	0	0	1	0	0	0	0	0	0	0	0	0	0	0	0	0	0	0	0	0	0	0	0	0	0	0	0	0	0	0	0	0	0	0	0	0	0	0	0	0	0	0	0	0	0	0	0	0	0	0	0	0	0	0	0	0	0	0	0	0	0	0	0	0	0	0	0	0	0	0	0	0	0	0	0	0	0	0	0	0	0	0	0	0	0	0	0	0	0	0	0	0	0	0	0
NP989496.1_9031_30	1	0	0	0	0	1	0	0	1	0	0	0	0	0	0	0	0	0	0	0	0	1	1	0	0	0	0	1	1	0	1	0	1	1	0	0	1	0	0	0	0	0	0	0	0	1	0	1	0	0	0	0	0	0	0	0	1	1	1	1	1	1	0	1	0	0	1	0	0	0	0	0	0	0	0	0	0	0	1	0	0	0	1	1	0	0	0	0	0	0	0	0	0	0	0	0
NP989496.1_9031_30		1		1						1			1	1		1			1						1	1						1						1		1	1	1	1		1					1					1								1		1			1		1	1	1						1			1	1				1			1	1					1	
G35_31_34	1	0	0	1	0	1	0	0	1	0	0	0	1	0	0	0	0	0	0	0	0	1	1	0	1	1	0	1	1	0	1	0	1	1	0	0	1	0	0	1	1	0	0	0	0	1	0	1	0	0	0	0	0	0	0	0	1	1	1	1	1	1	0	1	0	0	1	0	0	0	0	1	0	0	0	0	0	1	1	0	0	0	1	1	0	1	0	0	0	1	0	0	0	0	1	0
G35_31_34		1								1				1		1			1													1						1				1	1		1					1					1								1		1			1		1	1										1	1														
XP015148926.2_9031_41	1	0	0	0	0	1	0	0	0	0	0	0	0	0	0	0	0	0	0	0	0	1	1	0	0	0	0	1	1	0	1	0	0	1	0	0	1	0	0	0	0	0	0	0	0	0	0	0	0	0	0	0	0	0	0	0	0	1	1	1	1	1	0	1	0	0	1	0	0	0	0	0	0	0	0	0	0	0	1	0	0	0	1	1	0	0	0	0	0	0	0	0	0	0	0	0
XP015148926.2_9031_41												1	1												1	1				1			1		1									1					1								1												1																				1	1						
G46_42_45	1	0	0	0	0	1	0	0	0	0	0	0	0	0	0	0	0	0	0	0	0	1	1	0	0	0	0	1	1	0	1	0	0	1	1	0	1	0	0	0	0	0	0	1	0	0	0	0	1	0	0	0	0	0	0	0	0	1	1	1	1	1	0	1	0	0	1	0	1	0	0	0	0	0	0	0	0	0	1	0	0	0	1	1	0	0	0	0	0	0	0	0	0	0	0	0
G46_42_45												1																		1																																																											1							
G56_54_55	0	0	0	0	0	0	0	0	0	0	0	0	0	0	0	0	0	0	0	0	0	0	0	0	0	0	0	0	0	0	0	0	0	0	0	0	0	0	0	0	0	0	0	0	0	0	0	0	0	0	0	0	0	0	0	0	0	0	0	0	0	0	0	0	0	0	0	0	0	0	0	0	0	0	0	0	0	0	0	0	0	0	0	0	0	0	0	0	0	0	0	0	0	0	0	0
G56_54_55					1	1			1				1									1	1		1	1		1	1				1	1	1											1		1	1								1	1	1	1	1	1					1		1										1					1					1	1						
G59_57_58	0	0	0	0	0	0	0	0	0	0	0	0	0	0	0	0	0	0	0	0	0	0	0	0	0	0	0	0	0	0	0	0	0	0	0	0	0	0	0	0	0	0	0	0	0	0	0	0	0	0	0	0	0	0	0	0	0	0	0	0	0	0	0	0	0	0	0	0	0	0	0	0	0	0	0	0	0	0	0	0	0	0	0	0	0	0	0	0	0	0	0	0	0	0	0	0
G59_57_58					1	1			1				1									1	1		1	1		1	1				1	1	1											1		1	1								1	1	1	1	1	1					1		1										1					1					1	1						
XP001918972.3_7955_61	0	0	0	0	0	0	0	0	0	0	0	0	0	0	0	0	0	0	0	0	0	0	0	0	0	0	0	0	0	0	0	0	0	0	0	0	0	0	0	0	0	0	0	0	0	0	0	0	0	0	0	0	0	0	0	0	0	0	0	0	0	0	0	0	0	0	0	0	0	0	0	0	0	0	0	0	0	0	0	0	0	0	0	0	0	0	0	0	0	0	0	0	0	0	0	0
XP001918972.3_7955_61					1				1				1												1	1									1											1		1	1																																								1	1						
G70_62_69	0	0	0	0	0	0	0	0	0	0	0	0	0	0	0	0	0	0	0	0	0	0	0	0	0	0	0	0	0	0	0	0	0	0	0	0	0	0	0	0	0	0	0	0	0	0	0	0	0	0	0	0	0	0	0	0	0	0	0	0	0	0	0	0	0	0	0	0	0	0	0	0	0	0	0	0	0	0	0	0	0	0	0	0	0	0	0	0	0	0	0	0	0	0	0	0
G70_62_69					1								1												1	1																																																															1	1						
NP001005979.1_7955_75	0	0	0	0	0	1	0	0	0	0	0	0	0	0	0	0	0	1	0	0	0	1	1	0	0	0	0	1	1	0	0	0	1	1	0	0	0	0	0	0	0	0	0	0	0	0	0	0	0	0	0	0	1	0	0	0	1	1	1	1	1	1	0	0	0	0	1	0	1	0	0	0	0	0	0	0	0	0	1	1	0	0	0	1	0	0	0	0	0	0	0	0	0	0	0	0
NP001005979.1_7955_75			1		1		1	1	1		1		1		1		1			1	1			1	1	1									1				1	1	1			1		1	1	1	1		1	1		1		1										1						1	1	1	1	1	1	1							1	1	1	1	1	1	1	1	1	1	1	1
G84_76_83	0	0	0	0	0	1	0	0	0	0	0	0	0	0	0	0	0	1	0	0	0	1	1	0	0	0	0	1	1	0	0	0	1	1	0	0	0	0	0	0	0	0	0	0	0	0	0	0	0	0	0	0	1	0	0	0	1	1	1	1	1	1	0	0	0	0	1	0	1	0	0	0	0	0	0	0	0	0	1	1	0	0	0	1	0	0	0	0	0	0	0	0	0	0	0	0
G84_76_83					1								1				1			1	1				1	1														1	1			1							1	1				1																1		1				1							1	1	1	1	1	1	1	1	1	1	1	
G96_88_95	0	0	1	0	0	1	1	1	1	0	1	0	0	0	1	0	0	1	0	0	0	1	1	1	0	0	0	1	1	0	0	0	1	1	1	0	0	0	1	0	0	0	0	0	0	1	1	1	1	0	0	0	1	1	0	0	1	1	1	1	1	1	0	0	0	1	1	0	1	0	0	0	1	0	1	1	1	0	1	1	0	0	0	1	0	0	0	0	0	0	0	0	0	0	0	1
G96_88_95		1								1		1	1	1						1					1	1				1		1										1			1					1	1	1			1								1							1	1											1							1	1						
G109_99_108	0	0	1	0	0	1	1	1	1	0	1	0	0	0	1	0	0	1	0	0	0	1	1	1	0	0	0	1	1	0	0	0	1	1	1	0	0	0	1	0	0	0	0	0	0	1	1	1	1	0	0	0	1	1	0	0	1	1	1	1	1	1	0	0	0	1	1	0	1	0	0	0	1	0	1	1	1	0	1	1	0	0	0	1	0	0	0	0	0	0	0	0	0	0	0	1
G109_99_108													1			1	1		1		1				1	1												1					1													1									1			1													1				1		1	1	1	1	1	1	1	1		
NP001179466.3_9913_14	0	0	0	0	0	0	0	0	0	0	0	0	0	0	0	0	0	0	0	0	0	0	0	0	0	0	0	0	0	0	0	0	0	0	0	0	0	0	0	0	0	0	0	0	0	0	0	0	0	0	0	0	0	0	0	0	0	0	0	0	0	0	0	0	0	0	0	0	0	0	0	0	0	0	0	0	0	0	0	0	0	0	0	0	0	0	0	0	0	0	0	0	0	0	0	0
NP001179466.3_9913_14				1																																																																																												
G17_15_16	0	0	0	1	0	0	0	0	0	0	0	0	0	0	0	0	0	0	0	0	0	0	0	0	0	0	0	0	0	0	0	0	0	0	0	0	0	0	0	0	0	0	0	0	0	0	0	0	0	0	0	0	0	0	0	0	0	0	0	0	0	0	0	0	0	0	0	0	0	0	0	0	0	0	0	0	0	0	0	0	0	0	0	0	0	0	0	0	0	0	0	0	0	0	0	0
NP001091498.1_9913_31	1	0	0	0	0	1	0	0	1	0	0	0	0	0	0	0	0	0	0	0	0	1	1	0	0	0	0	1	1	0	1	0	1	1	0	0	1	0	0	0	0	0	0	0	0	1	0	1	0	0	0	0	0	0	0	0	1	1	1	1	1	1	0	1	0	0	1	0	0	0	0	0	0	0	0	0	0	0	1	0	0	0	1	1	0	0	0	0	0	0	0	0	0	0	0	0
NP001091498.1_9913_31		1		1						1			1	1		1			1						1	1						1						1		1	1	1	1		1					1					1								1		1			1		1	1	1						1			1	1				1				1					1	
G34_32_33	1	0	0	1	0	1	0	0	1	0	0	0	1	0	0	0	0	0	0	0	0	1	1	0	1	1	0	1	1	0	1	0	1	1	0	0	1	0	0	1	1	0	0	0	0	1	0	1	0	0	0	0	0	0	0	0	1	1	1	1	1	1	0	1	0	0	1	0	0	0	0	1	0	0	0	0	0	1	1	0	0	0	1	1	0	1	0	0	0	1	0	0	0	0	1	0
G34_32_33		1								1				1		1			1													1						1				1	1		1					1					1								1		1			1		1	1										1	1														
XP002697177.1_9913_42	1	0	0	0	0	1	0	0	0	0	0	0	0	0	0	0	0	0	0	0	0	1	1	0	0	0	0	1	1	0	1	0	0	1	1	0	1	0	0	0	0	0	0	0	0	0	0	0	1	0	0	0	0	0	0	0	0	1	1	1	1	1	0	1	0	0	1	0	1	0	0	0	0	0	0	0	0	0	1	0	0	0	1	1	0	0	0	0	0	0	0	0	0	0	0	0
XP002697177.1_9913_42												1	1												1	1				1														1																																													1	1						
G45_43_44	1	0	0	0	0	1	0	0	0	0	0	0	0	0	0	0	0	0	0	0	0	1	1	0	0	0	0	1	1	0	1	0	0	1	1	0	1	0	0	0	0	0	0	1	0	0	0	0	1	0	0	0	0	0	0	0	0	1	1	1	1	1	0	1	0	0	1	0	1	0	0	0	0	0	0	0	0	0	1	0	0	0	1	1	0	0	0	0	0	0	0	0	0	0	0	0
G45_43_44												1																		1																																																											1							
XP040501945.1_9031_54	0	0	0	0	0	0	0	0	0	0	0	0	0	0	0	0	0	0	0	0	0	0	0	0	0	0	0	0	0	0	0	0	0	0	0	0	0	0	0	0	0	0	0	0	0	0	0	0	0	0	0	0	0	0	0	0	0	0	0	0	0	0	0	0	0	0	0	0	0	0	0	0	0	0	0	0	0	0	0	0	0	0	0	0	0	0	0	0	0	0	0	0	0	0	0	0
XP040501945.1_9031_54		1		1	1	1			1	1		1	1	1		1	1		1	1	1	1	1		1	1		1	1	1		1	1	1	1			1				1	1		1	1		1	1	1	1	1			1	1	1	1	1	1	1	1	1		1		1	1	1	1	1			1					1		1	1		1	1		1	1	1	1	1	1	1	1		
XP031756690.1_8364_55	0	0	0	0	0	0	0	0	0	0	0	0	0	0	0	0	0	0	0	0	0	0	0	0	0	0	0	0	0	0	0	0	0	0	0	0	0	0	0	0	0	0	0	0	0	0	0	0	0	0	0	0	0	0	0	0	0	0	0	0	0	0	0	0	0	0	0	0	0	0	0	0	0	0	0	0	0	0	0	0	0	0	0	0	0	0	0	0	0	0	0	0	0	0	0	0
XP031756690.1_8364_55		1		1	1	1			1	1		1	1	1		1	1		1	1	1	1	1		1	1		1	1	1		1	1	1	1			1		1	1	1	1	1	1	1		1	1	1	1	1			1	1	1	1	1	1	1	1	1		1		1	1	1	1	1	1		1				1	1		1	1		1	1	1	1	1	1	1	1	1	1	1	1	
XP002665476.3_7955_57	0	0	0	0	0	0	0	0	0	0	0	0	0	0	0	0	0	0	0	0	0	0	0	0	0	0	0	0	0	0	0	0	0	0	0	0	0	0	0	0	0	0	0	0	0	0	0	0	0	0	0	0	0	0	0	0	0	0	0	0	0	0	0	0	0	0	0	0	0	0	0	0	0	0	0	0	0	0	0	0	0	0	0	0	0	0	0	0	0	0	0	0	0	0	0	0
XP002665476.3_7955_57		1			1	1			1	1		1	1	1		1	1		1	1	1	1	1		1	1		1	1	1		1	1	1	1			1				1	1		1	1		1	1	1	1	1			1	1	1	1	1	1	1	1	1		1		1	1	1	1	1			1					1		1	1		1	1		1	1	1	1	1	1	1	1		
XP017209808.2_7955_58	0	0	0	0	0	0	0	0	0	0	0	0	0	0	0	0	0	0	0	0	0	0	0	0	0	0	0	0	0	0	0	0	0	0	0	0	0	0	0	0	0	0	0	0	0	0	0	0	0	0	0	0	0	0	0	0	0	0	0	0	0	0	0	0	0	0	0	0	0	0	0	0	0	0	0	0	0	0	0	0	0	0	0	0	0	0	0	0	0	0	0	0	0	0	0	0
XP017209808.2_7955_58		1		1	1	1			1	1		1	1	1		1	1		1	1	1	1	1		1	1		1	1	1		1	1	1	1			1		1	1	1	1	1	1	1		1	1	1	1	1			1	1	1	1	1	1	1	1	1		1		1	1	1	1	1	1		1				1	1		1	1		1	1	1	1	1	1	1	1	1	1	1	1	
NP001313425.1_9031_62	0	0	0	0	0	0	0	0	0	0	0	0	0	0	0	0	0	0	0	0	0	0	0	0	0	0	0	0	0	0	0	0	0	0	0	0	0	0	0	0	0	0	0	0	0	0	0	0	0	0	0	0	0	0	0	0	0	0	0	0	0	0	0	0	0	0	0	0	0	0	0	0	0	0	0	0	0	0	0	0	0	0	0	0	0	0	0	0	0	0	0	0	0	0	0	0
NP001313425.1_9031_62					1				1				1												1	1									1											1		1	1																																								1	1						
G69_63_68	0	0	0	0	0	0	0	0	0	0	0	0	0	0	0	0	0	0	0	0	0	0	0	0	0	0	0	0	0	0	0	0	0	0	0	0	0	0	0	0	0	0	0	0	0	0	0	0	0	0	0	0	0	0	0	0	0	0	0	0	0	0	0	0	0	0	0	0	0	0	0	0	0	0	0	0	0	0	0	0	0	0	0	0	0	0	0	0	0	0	0	0	0	0	0	0
G69_63_68					1								1												1	1																																																															1	1						
NP001025619.1_8364_76	0	0	0	0	0	1	0	0	0	0	0	0	0	0	0	0	0	1	0	0	0	1	1	0	0	0	0	1	1	0	0	0	1	1	0	0	0	0	0	0	0	0	0	0	0	0	0	0	0	0	0	0	1	0	0	0	1	1	1	1	1	1	0	0	0	0	1	0	1	0	0	0	0	0	0	0	0	0	1	1	0	0	0	1	0	0	0	0	0	0	0	0	0	0	0	0
NP001025619.1_8364_76					1				1				1				1			1	1				1	1									1					1	1			1		1		1	1		1	1				1																1		1				1							1	1	1	1	1	1	1	1	1	1	1	
G83_77_82	0	0	0	0	0	1	0	0	0	0	0	0	0	0	0	0	0	1	0	0	0	1	1	0	0	0	0	1	1	0	0	0	1	1	0	0	0	0	0	0	0	0	0	0	0	0	0	0	0	0	0	0	1	0	0	0	1	1	1	1	1	1	0	0	0	0	1	0	1	0	0	0	0	0	0	0	0	0	1	1	0	0	0	1	0	0	0	0	0	0	0	0	0	0	0	0
G83_77_82					1								1				1			1	1				1	1														1	1			1							1	1				1																1		1				1							1	1	1	1	1	1	1	1	1	1	1	
G88_86_87	0	0	1	0	0	1	1	1	0	0	1	0	0	0	1	0	0	1	0	0	0	1	1	1	0	0	0	1	1	0	0	0	1	1	0	0	0	0	1	0	0	0	0	0	0	0	1	0	0	0	0	0	1	1	0	0	1	1	1	1	1	1	0	0	0	1	1	0	1	0	0	0	1	0	1	1	1	0	1	1	0	0	0	1	0	0	0	0	0	0	0	0	0	0	0	1
G88_86_87		1							1	1		1	1	1						1					1	1				1		1			1							1			1	1		1	1	1	1	1			1								1							1	1											1							1	1						
G95_89_94	0	0	1	0	0	1	1	1	1	0	1	0	0	0	1	0	0	1	0	0	0	1	1	1	0	0	0	1	1	0	0	0	1	1	1	0	0	0	1	0	0	0	0	0	0	1	1	1	1	0	0	0	1	1	0	0	1	1	1	1	1	1	0	0	0	1	1	0	1	0	0	0	1	0	1	1	1	0	1	1	0	0	0	1	0	0	0	0	0	0	0	0	0	0	0	1
G95_89_94		1								1		1	1	1						1					1	1				1		1										1			1					1	1	1			1								1							1	1											1							1	1						
G99_97_98	0	0	1	0	0	1	1	1	0	0	1	0	0	0	1	0	0	1	0	0	0	1	1	1	0	0	0	1	1	0	0	0	1	1	0	0	0	0	1	0	0	0	0	0	0	0	1	0	0	0	0	0	1	1	0	0	1	1	1	1	1	1	0	0	0	1	1	0	1	0	0	0	1	0	1	1	1	0	1	1	0	0	0	1	0	0	0	0	0	0	0	0	0	0	0	1
G99_97_98									1				1			1	1		1		1				1	1									1			1					1			1		1	1							1									1			1													1				1		1	1	1	1	1	1	1	1		
G108_100_107	0	0	1	0	0	1	1	1	1	0	1	0	0	0	1	0	0	1	0	0	0	1	1	1	0	0	0	1	1	0	0	0	1	1	1	0	0	0	1	0	0	0	0	0	0	1	1	1	1	0	0	0	1	1	0	0	1	1	1	1	1	1	0	0	0	1	1	0	1	0	0	0	1	0	1	1	1	0	1	1	0	0	0	1	0	0	0	0	0	0	0	0	0	0	0	1
G108_100_107													1			1	1		1		1				1	1												1					1													1									1			1													1				1		1	1	1	1	1	1	1	1		
NP114141.2_9606_15	0	0	0	1	0	0	0	0	0	0	0	0	0	0	0	0	0	0	0	0	0	0	0	0	0	0	0	0	0	0	0	0	0	0	0	0	0	0	0	0	0	0	0	0	0	0	0	0	0	0	0	0	0	0	0	0	0	0	0	0	0	0	0	0	0	0	0	0	0	0	0	0	0	0	0	0	0	0	0	0	0	0	0	0	0	0	0	0	0	0	0	0	0	0	0	0
XP006529820.1_10090_16	0	0	0	0	0	0	0	0	0	0	0	0	0	0	0	0	0	0	0	0	0	0	0	0	0	0	0	0	0	0	0	0	0	0	0	0	0	0	0	0	0	0	0	0	0	0	0	0	0	0	0	0	0	0	0	0	0	0	0	0	0	0	0	0	0	0	0	0	0	0	0	0	0	0	0	0	0	0	0	0	0	0	0	0	0	0	0	0	0	0	0	0	0	0	0	0
XP006529820.1_10090_16				1									1												1	1																																																															1	1						
NP006477.3_9606_32	1	1	0	1	0	1	0	0	1	1	0	0	1	1	0	1	0	0	1	0	0	1	1	0	1	1	0	1	1	0	1	1	1	1	0	0	1	1	0	1	1	1	1	0	1	1	0	1	0	1	0	0	0	0	1	0	1	1	1	1	1	1	1	1	1	0	1	1	0	1	1	1	0	0	0	0	0	1	1	0	1	1	1	1	0	1	0	0	0	1	0	0	0	0	1	0
NP034310.2_10090_33	1	0	0	0	0	1	0	0	1	0	0	0	0	0	0	0	0	0	0	0	0	1	1	0	0	0	0	1	1	0	1	0	1	1	0	0	1	0	0	0	0	0	0	0	0	1	0	1	0	0	0	0	0	0	0	0	1	1	1	1	1	1	0	1	0	0	1	0	0	0	0	0	0	0	0	0	0	0	1	0	0	0	1	1	0	0	0	0	0	0	0	0	0	0	0	0
NP034310.2_10090_33		1		1						1			1	1		1			1						1	1						1						1		1	1	1	1		1					1					1								1		1			1		1	1	1						1			1	1				1			1	1					1	
NP001004019.1_9606_43	1	0	0	0	0	1	0	0	0	0	0	1	0	0	0	0	0	0	0	0	0	1	1	0	0	0	0	1	1	1	1	0	0	1	1	0	1	0	0	0	0	0	0	1	0	0	0	0	1	0	0	0	0	0	0	0	0	1	1	1	1	1	0	1	0	0	1	0	1	0	0	0	0	0	0	0	0	0	1	0	0	0	1	1	0	0	0	0	1	0	0	0	0	0	0	0
NP032018.2_10090_44	1	0	0	0	0	1	0	0	0	0	0	0	0	0	0	0	0	0	0	0	0	1	1	0	0	0	0	1	1	0	1	0	0	1	1	0	1	0	0	0	0	0	0	0	0	0	0	0	1	0	0	0	0	0	0	0	0	1	1	1	1	1	0	1	0	0	1	0	1	0	0	0	0	0	0	0	0	0	1	0	0	0	1	1	0	0	0	0	0	0	0	0	0	0	0	0
NP032018.2_10090_44												1	1												1	1				1														1																																													1	1						
XP002940445.2_8364_63	0	0	0	0	0	0	0	0	0	0	0	0	0	0	0	0	0	0	0	0	0	0	0	0	0	0	0	0	0	0	0	0	0	0	0	0	0	0	0	0	0	0	0	0	0	0	0	0	0	0	0	0	0	0	0	0	0	0	0	0	0	0	0	0	0	0	0	0	0	0	0	0	0	0	0	0	0	0	0	0	0	0	0	0	0	0	0	0	0	0	0	0	0	0	0	0
XP002940445.2_8364_63					1								1												1	1																																																															1	1						
G68_64_67	0	0	0	0	1	0	0	0	0	0	0	0	0	0	0	0	0	0	0	0	0	0	0	0	0	0	0	0	0	0	0	0	0	0	0	0	0	0	0	0	0	0	0	0	0	0	0	0	0	0	0	0	0	0	0	0	0	0	0	0	0	0	0	0	0	0	0	0	0	0	0	0	0	0	0	0	0	0	0	0	0	0	0	0	0	0	0	0	0	0	0	0	0	0	0	0
G68_64_67													1												1	1																																																															1	1						
NP001264403.1_9031_77	0	0	0	0	0	1	0	0	0	0	0	0	0	0	0	0	0	1	0	0	0	1	1	0	0	0	0	1	1	0	0	0	1	1	0	0	0	0	0	0	0	0	0	0	0	0	0	0	0	0	0	0	1	0	0	0	1	1	1	1	1	1	0	0	0	0	1	0	1	0	0	0	0	0	0	0	0	0	1	1	0	0	0	1	0	0	0	0	0	0	0	0	0	0	0	0
NP001264403.1_9031_77					1								1				1			1	1				1	1														1	1			1							1	1				1																1		1				1							1	1	1	1	1	1	1	1	1	1	1	
G82_78_81	0	0	0	0	1	1	0	0	0	0	0	0	0	0	0	0	0	1	0	0	0	1	1	0	0	0	0	1	1	0	0	0	1	1	0	0	0	0	0	0	0	0	0	0	0	0	0	0	0	0	0	0	1	0	0	0	1	1	1	1	1	1	0	0	0	0	1	0	1	0	0	0	0	0	0	0	0	0	1	1	0	0	0	1	0	0	0	0	0	0	0	0	0	0	0	0
G82_78_81													1				1			1	1				1	1														1	1			1							1	1				1																1		1				1							1	1	1	1	1	1	1	1	1	1	1	
NP001008587.1_7955_86	0	0	0	0	0	1	0	0	0	0	0	0	0	0	0	0	0	1	0	0	0	1	1	0	0	0	0	1	1	0	0	0	1	1	0	0	0	0	0	0	0	0	0	0	0	0	0	0	0	0	0	0	1	0	0	0	1	1	1	1	1	1	0	0	0	0	1	0	1	0	0	0	0	0	0	0	0	0	1	1	0	0	0	1	0	0	0	0	0	0	0	0	0	0	0	0
NP001008587.1_7955_86		1	1				1	1	1	1	1	1	1	1	1					1				1	1	1				1		1			1				1			1			1	1	1	1	1	1	1	1		1	1								1			1				1	1		1		1	1	1					1							1	1						1
NP001153830.1_7955_87	0	0	0	0	0	1	0	0	0	0	0	0	0	0	0	0	0	1	0	0	0	1	1	0	0	0	0	1	1	0	0	0	1	1	0	0	0	0	0	0	0	0	0	0	0	0	0	0	0	0	0	0	1	0	0	0	1	1	1	1	1	1	0	0	0	0	1	0	1	0	0	0	0	0	0	0	0	0	1	1	0	0	0	1	0	0	0	0	0	0	0	0	0	0	0	0
NP001153830.1_7955_87		1	1				1	1	1	1	1	1	1	1	1					1				1	1	1				1		1			1				1			1			1	1	1	1	1	1	1	1		1	1								1			1				1	1		1		1	1	1					1							1	1						1
XP002939376.2_8364_89	0	0	1	0	0	1	1	1	0	0	1	0	0	0	1	0	0	1	0	0	0	1	1	1	0	0	0	1	1	0	0	0	1	1	0	0	0	0	1	0	0	0	0	0	0	0	1	0	0	0	0	0	1	1	0	0	1	1	1	1	1	1	0	0	0	1	1	0	1	0	0	0	1	0	1	1	1	0	1	1	0	0	0	1	0	0	0	0	0	0	0	0	0	0	0	1
XP002939376.2_8364_89		1							1	1		1	1	1						1					1	1				1		1			1							1			1	1		1	1	1	1	1			1								1							1	1											1							1	1						
G94_90_93	0	0	1	0	0	1	1	1	1	0	1	0	1	0	1	0	0	1	0	0	0	1	1	1	0	1	0	1	1	0	0	0	1	1	1	0	0	0	1	0	0	0	0	0	0	1	1	1	1	0	0	0	1	1	0	0	1	1	1	1	1	1	0	0	0	1	1	0	1	0	0	0	1	0	1	1	1	0	1	1	0	0	0	1	0	0	0	0	0	0	0	0	0	0	0	1
G94_90_93		1								1		1		1						1										1		1										1			1					1	1	1			1								1							1	1											1														
NP001103991.1_7955_97	0	0	0	0	0	1	0	0	0	0	0	0	0	0	0	0	0	1	0	0	0	1	1	0	0	0	0	1	1	0	0	0	0	1	0	0	0	0	0	0	0	0	0	0	0	0	0	0	0	0	0	0	1	0	0	0	0	1	1	1	1	1	0	0	0	0	1	0	0	0	0	0	0	0	0	0	0	0	1	1	0	0	0	1	0	0	0	0	0	0	0	0	0	0	0	0
NP001103991.1_7955_97			1				1	1	1		1		1		1	1	1		1		1			1	1	1							1		1			1	1				1			1	1	1	1					1		1	1								1	1		1	1				1		1	1	1				1				1		1	1	1	1	1	1	1	1		1
XP009305317.1_7955_98	0	0	0	0	0	1	0	0	0	0	0	0	0	0	0	0	0	1	0	0	0	1	1	0	0	0	0	1	1	0	0	0	1	1	0	0	0	0	0	0	0	0	0	0	0	0	0	0	0	0	0	0	1	0	0	0	1	1	1	1	1	1	0	0	0	0	1	0	1	0	0	0	0	0	0	0	0	0	1	1	0	0	0	1	0	0	0	0	0	0	0	0	0	0	0	0
XP009305317.1_7955_98			1				1	1	1		1		1		1	1	1		1		1			1	1	1									1			1	1				1			1	1	1	1					1		1									1	1		1					1		1	1	1				1				1		1	1	1	1	1	1	1	1		1
XP002936872.1_8364_100	0	0	1	0	0	1	1	1	0	0	1	0	0	0	1	0	0	1	0	0	0	1	1	1	0	0	0	1	1	0	0	0	1	1	0	0	0	0	1	0	0	0	0	0	0	0	1	0	0	0	0	0	1	1	0	0	1	1	1	1	1	1	0	0	0	1	1	0	1	0	0	0	1	0	1	1	1	0	1	1	0	0	0	1	0	0	0	0	0	0	0	0	0	0	0	1
XP002936872.1_8364_100									1				1			1	1		1		1				1	1									1			1					1			1		1	1							1									1			1													1				1		1	1	1	1	1	1	1	1		
G107_101_106	0	0	1	0	0	1	1	1	1	0	1	0	0	0	1	0	0	1	0	0	0	1	1	1	0	0	0	1	1	0	0	0	1	1	1	0	0	0	1	0	0	0	0	0	0	1	1	1	1	0	0	0	1	1	0	0	1	1	1	1	1	1	0	0	0	1	1	0	1	0	0	0	1	0	1	1	1	0	1	1	0	0	0	1	0	0	0	0	0	0	0	0	0	0	0	1
G107_101_106													1			1	1		1		1				1	1												1					1													1									1			1													1				1		1	1	1	1	1	1	1	1		
XP002691171.2_9913_64	0	0	0	0	0	0	0	0	0	0	0	0	0	0	0	0	0	0	0	0	0	0	0	0	0	0	0	0	0	0	0	0	0	0	0	0	0	0	0	0	0	0	0	0	0	0	0	0	0	0	0	0	0	0	0	0	0	0	0	0	0	0	0	0	0	0	0	0	0	0	0	0	0	0	0	0	0	0	0	0	0	0	0	0	0	0	0	0	0	0	0	0	0	0	0	0
XP002691171.2_9913_64					1								1												1	1																																																															1	1						
G67_65_66	0	0	0	0	1	0	0	0	0	0	0	0	0	0	0	0	0	0	0	0	0	0	0	0	0	0	0	0	0	0	0	0	0	0	0	0	0	0	0	0	0	0	0	0	0	0	0	0	0	0	0	0	0	0	0	0	0	0	0	0	0	0	0	0	0	0	0	0	0	0	0	0	0	0	0	0	0	0	0	0	0	0	0	0	0	0	0	0	0	0	0	0	0	0	0	0
XP005222280.1_9913_78	0	0	0	0	1	1	0	0	0	0	0	0	0	0	0	0	0	1	0	0	0	1	1	0	0	0	0	1	1	0	0	0	1	1	0	0	0	0	0	0	0	0	0	0	0	0	0	0	0	0	0	0	1	0	0	0	1	1	1	1	1	1	0	0	0	0	1	0	1	0	0	0	0	0	0	0	0	0	1	1	0	0	0	1	0	0	0	0	0	0	0	0	0	0	0	0
XP005222280.1_9913_78													1				1			1	1				1	1														1	1			1							1	1				1																1		1				1							1	1	1	1	1	1	1	1	1	1	1	
G81_79_80	0	0	0	0	1	1	0	0	0	0	0	0	0	0	0	0	0	1	0	0	0	1	1	0	0	0	0	1	1	0	0	0	1	1	0	0	0	0	0	0	0	0	0	0	0	0	0	0	0	0	0	0	1	0	0	0	1	1	1	1	1	1	0	0	0	0	1	0	1	0	0	0	0	0	0	0	0	0	1	1	0	0	0	1	0	0	0	0	0	0	0	0	0	0	0	0
G81_79_80													1				1			1	1				1	1														1	1			1							1	1				1																1		1				1							1	1	1	1	1	1	1	1	1	1	1	
NP001157824.1_10090_90	0	0	1	0	0	1	1	1	1	0	1	0	0	0	1	0	0	1	0	0	0	1	1	1	0	0	0	1	1	0	0	0	1	1	1	0	0	0	1	0	0	0	0	0	0	1	1	1	1	0	0	0	1	1	0	0	1	1	1	1	1	1	0	0	0	1	1	0	1	0	0	0	1	0	1	1	1	0	1	1	0	0	0	1	0	0	0	0	0	0	0	0	0	0	0	1
NP001157824.1_10090_90		1								1		1	1	1						1						1				1		1										1			1					1	1	1			1								1							1	1											1														
G93_91_92	0	1	1	0	0	1	1	1	1	1	1	1	1	1	1	0	0	1	0	1	0	1	1	1	0	1	0	1	1	1	0	1	1	1	1	0	0	0	1	0	0	1	0	0	1	1	1	1	1	1	1	1	1	1	1	0	1	1	1	1	1	1	1	0	0	1	1	0	1	1	1	0	1	0	1	1	1	0	1	1	0	1	0	1	0	0	0	0	0	0	0	0	0	0	0	1
XP025004920.1_9031_101	0	0	1	0	0	1	1	1	1	0	1	0	0	0	1	0	0	1	0	0	0	1	1	1	0	0	0	1	1	0	0	0	1	1	1	0	0	0	1	0	0	0	0	0	0	1	1	1	1	0	0	0	1	1	0	0	1	1	1	1	1	1	0	0	0	1	1	0	1	0	0	0	1	0	1	1	1	0	1	1	0	0	0	1	0	0	0	0	0	0	0	0	0	0	0	1
XP025004920.1_9031_101													1			1	1		1		1				1	1												1					1													1									1			1													1				1		1	1	1	1	1	1	1	1		
G106_102_105	0	0	1	0	0	1	1	1	1	0	1	0	0	0	1	0	0	1	0	0	0	1	1	1	0	0	0	1	1	0	0	0	1	1	1	0	0	0	1	0	0	0	0	0	0	1	1	1	1	0	0	0	1	1	0	0	1	1	1	1	1	1	0	0	0	1	1	0	1	0	0	0	1	0	1	1	1	0	1	1	0	0	0	1	0	0	0	0	0	0	0	0	0	0	0	1
G106_102_105																1	1		1		1				1		1									1		1					1													1									1			1													1				1		1	1	1	1	1	1	1	1		
XP011508887.1_9606_65	0	0	0	0	1	0	0	0	0	0	0	0	0	0	0	0	0	0	0	0	0	0	0	0	0	0	0	0	0	0	0	0	0	0	0	0	0	0	0	0	0	0	0	0	0	0	0	0	0	0	0	0	0	0	0	0	0	0	0	0	0	0	0	0	0	0	0	0	0	0	0	0	0	0	0	0	0	0	0	0	0	0	0	0	0	0	0	0	0	0	0	0	0	0	0	0
NP077199.2_10090_66	0	0	0	0	0	0	0	0	0	0	0	0	0	0	0	0	0	0	0	0	0	0	0	0	0	0	0	0	0	0	0	0	0	0	0	0	0	0	0	0	0	0	0	0	0	0	0	0	0	0	0	0	0	0	0	0	0	0	0	0	0	0	0	0	0	0	0	0	0	0	0	0	0	0	0	0	0	0	0	0	0	0	0	0	0	0	0	0	0	0	0	0	0	0	0	0
NP077199.2_10090_66					1								1												1	1																																																															1	1						
NP001371087.1_9606_79	0	0	0	0	1	1	0	0	0	0	0	0	1	0	0	0	1	1	0	1	1	1	1	0	1	1	0	1	1	0	0	0	1	1	0	0	0	0	0	1	1	0	0	1	0	0	0	0	0	0	1	1	1	0	0	1	1	1	1	1	1	1	0	0	0	0	1	0	1	0	0	1	0	1	0	0	0	1	1	1	0	0	0	1	1	1	1	1	1	1	1	1	1	1	1	0
NP001348916.1_10090_80	0	0	0	0	0	1	0	0	0	0	0	0	0	0	0	0	0	1	0	0	0	1	1	0	0	0	0	1	1	0	0	0	1	1	0	0	0	0	0	0	0	0	0	0	0	0	0	0	0	0	0	0	1	0	0	0	1	1	1	1	1	1	0	0	0	0	1	0	1	0	0	0	0	0	0	0	0	0	1	1	0	0	0	1	0	0	0	0	0	0	0	0	0	0	0	0
NP001348916.1_10090_80					1								1				1			1	1				1	1														1	1			1							1	1				1																1		1				1							1	1	1	1	1	1	1	1	1	1	1	
NP001069517.1_9913_91	0	0	1	0	0	1	1	1	1	0	1	0	1	0	1	0	0	1	0	0	0	1	1	1	0	1	0	1	1	0	0	0	1	1	1	0	0	0	1	0	0	0	0	0	0	1	1	1	1	0	0	0	1	1	0	0	1	1	1	1	1	1	0	0	0	1	1	0	1	0	0	0	1	0	1	1	1	0	1	1	0	0	0	1	0	0	0	0	0	0	0	0	0	0	0	1
NP001069517.1_9913_91		1								1		1		1						1										1		1										1			1					1	1	1			1								1							1	1											1														
NP058634.4_9606_92	0	1	1	0	0	1	1	1	1	1	1	1	1	1	1	0	0	1	0	1	0	1	1	1	0	1	0	1	1	1	0	1	1	1	1	0	0	0	1	0	0	1	0	0	1	1	1	1	1	1	1	1	1	1	1	0	1	1	1	1	1	1	1	0	0	1	1	0	1	1	1	0	1	0	1	1	1	0	1	1	0	1	0	1	0	0	0	0	0	0	0	0	0	0	0	1
NP001075186.1_9913_102	0	0	1	0	0	1	1	1	1	0	1	0	0	0	1	0	0	1	0	0	0	1	1	1	0	0	0	1	1	0	0	0	1	1	1	0	0	0	1	0	0	0	0	0	0	1	1	1	1	0	0	0	1	1	0	0	1	1	1	1	1	1	0	0	0	1	1	0	1	0	0	0	1	0	1	1	1	0	1	1	0	0	0	1	0	0	0	0	0	0	0	0	0	0	0	1
NP001075186.1_9913_102													1			1	1		1		1				1	1												1					1													1									1			1													1				1		1	1	1	1	1	1	1	1		
G105_103_104	0	0	1	0	0	1	1	1	1	0	1	0	0	0	1	0	0	1	0	0	0	1	1	1	1	0	0	1	1	0	0	0	1	1	1	0	0	0	1	0	0	0	0	0	0	1	1	1	1	0	0	0	1	1	0	0	1	1	1	1	1	1	0	0	0	1	1	0	1	0	0	0	1	0	1	1	1	0	1	1	0	0	0	1	0	0	0	0	1	1	0	0	0	0	0	1
G105_103_104																1	1		1		1						1									1		1					1													1									1			1													1				1		1	1			1	1	1	1		
NP001034437.1_9606_103	0	0	1	0	0	1	1	1	1	0	1	0	0	0	1	1	1	1	1	0	1	1	1	1	1	0	1	1	1	0	0	0	1	1	1	1	0	1	1	0	0	0	1	0	0	1	1	1	1	0	0	0	1	1	0	1	1	1	1	1	1	1	0	0	1	1	1	1	1	0	0	0	1	0	1	1	1	0	1	1	1	0	0	1	1	0	1	1	1	1	1	1	1	1	0	1
NP666127.2_10090_104	0	0	1	0	0	1	1	1	1	0	1	0	0	0	1	0	0	1	0	0	0	1	1	1	0	0	0	1	1	0	0	0	1	1	1	0	0	0	1	0	0	0	0	0	0	1	1	1	1	0	0	0	1	1	0	0	1	1	1	1	1	1	0	0	0	1	1	0	1	0	0	0	1	0	1	1	1	0	1	1	0	0	0	1	0	0	0	0	0	0	0	0	0	0	0	1
NP666127.2_10090_104																1	1		1		1				1		1									1		1					1													1									1			1													1				1		1	1	1	1	1	1	1	1		
