DATASET_PIECHART
SEPARATOR COMMA
DATASET_LABEL,Pie : annotations gains / losts
COLOR,#0000FF
FIELD_COLORS,#0000FF,#A9A9A9
FIELD_LABELS,gain,lost
DATA
NP001024582.1_6239_0,0.5,0,0,0
XP018668081.2_7719_1,0.5,0,0,0
XP031747766.1_8364_2,0.5,0,0,0
XP001920501.5_7955_3,0.5,0,0,0
G4_2_3,0.5,0,0,0
XP010808812.1_9913_5,0.5,0,0,0
NP001278744.1_9606_6,0.5,1,1,0
XP006498564.1_10090_7,0.5,0,0,0
G8_6_7,0.5,0,0,0
G9_5_8,0.5,0,0,0
G10_4_9,0.5,0,0,0
XP005160777.1_7955_11,0.5,0,0,0
XP012816895.2_8364_12,0.5,0,0,0
XP025008796.2_9031_13,0.5,0,0,0
NP001179466.3_9913_14,0.5,1,0,1
NP114141.2_9606_15,0.5,0,0,0
XP006529820.1_10090_16,0.5,1,0,1
G17_15_16,0.5,0,0,0
G18_14_17,0.5,1,1,0
G19_13_18,0.5,0,0,0
G20_12_19,0.5,0,0,0
G21_11_20,0.5,0,0,0
G22_10_21,0.5,0,0,0
G23_1_22,0.5,0,0,0
G24_0_23,0.5,0,0,0
XP018668509.1_7719_25,0.5,14,0,14
NP001293878.1_6239_26,0.5,14,0,14
G27_25_26,0.5,0,0,0
XP031754335.1_8364_28,0.5,0,0,0
NP571117.2_7955_29,0.5,3,0,3
NP989496.1_9031_30,0.5,0,0,0
NP001091498.1_9913_31,0.5,11,0,11
NP006477.3_9606_32,0.5,19,19,0
NP034310.2_10090_33,0.5,11,0,11
G34_32_33,0.5,0,0,0
G35_31_34,0.5,11,11,0
G36_30_35,0.5,0,0,0
G37_29_36,0.5,5,5,0
G38_28_37,0.5,0,0,0
XP001341277.2_7955_39,0.5,0,0,0
XP017949170.2_8364_40,0.5,0,0,0
XP015148926.2_9031_41,0.5,1,0,1
XP002697177.1_9913_42,0.5,1,0,1
NP001004019.1_9606_43,0.5,3,3,0
NP032018.2_10090_44,0.5,1,0,1
G45_43_44,0.5,0,0,0
G46_42_45,0.5,3,3,0
G47_41_46,0.5,1,1,0
G48_40_47,0.5,0,0,0
G49_39_48,0.5,0,0,0
G50_38_49,0.5,5,5,0
G51_27_50,0.5,0,0,0
XP002125565.2_7719_52,0.5,14,0,14
XP002119967.2_7719_53,0.5,0,0,0
XP040501945.1_9031_54,0.5,0,0,0
XP031756690.1_8364_55,0.5,0,0,0
G56_54_55,0.5,0,0,0
XP002665476.3_7955_57,0.5,0,0,0
XP017209808.2_7955_58,0.5,0,0,0
G59_57_58,0.5,0,0,0
G60_56_59,0.5,0,0,0
XP001918972.3_7955_61,0.5,0,0,0
NP001313425.1_9031_62,0.5,0,0,0
XP002940445.2_8364_63,0.5,0,0,0
XP002691171.2_9913_64,0.5,1,0,1
XP011508887.1_9606_65,0.5,0,0,0
NP077199.2_10090_66,0.5,1,0,1
G67_65_66,0.5,0,0,0
G68_64_67,0.5,1,1,0
G69_63_68,0.5,0,0,0
G70_62_69,0.5,0,0,0
G71_61_70,0.5,0,0,0
G72_60_71,0.5,0,0,0
G73_53_72,0.5,14,0,14
XP002128973.1_7719_74,0.5,14,0,14
NP001005979.1_7955_75,0.5,0,0,0
NP001025619.1_8364_76,0.5,0,0,0
NP001264403.1_9031_77,0.5,0,0,0
XP005222280.1_9913_78,0.5,0,0,0
NP001371087.1_9606_79,0.5,26,26,0
NP001348916.1_10090_80,0.5,1,0,1
G81_79_80,0.5,0,0,0
G82_78_81,0.5,1,1,0
G83_77_82,0.5,0,0,0
G84_76_83,0.5,0,0,0
G85_75_84,0.5,0,0,0
NP001008587.1_7955_86,0.5,15,0,15
NP001153830.1_7955_87,0.5,15,0,15
G88_86_87,0.5,5,0,5
XP002939376.2_8364_89,0.5,5,0,5
NP001157824.1_10090_90,0.5,2,0,2
NP001069517.1_9913_91,0.5,17,0,17
NP058634.4_9606_92,0.5,0,0,0
G93_91_92,0.5,17,17,0
G94_90_93,0.5,2,2,0
G95_89_94,0.5,0,0,0
G96_88_95,0.5,5,5,0
NP001103991.1_7955_97,0.5,18,0,18
XP009305317.1_7955_98,0.5,15,0,15
G99_97_98,0.5,5,0,5
XP002936872.1_8364_100,0.5,5,0,5
XP025004920.1_9031_101,0.5,0,0,0
NP001075186.1_9913_102,0.5,0,0,0
NP001034437.1_9606_103,0.5,19,19,0
NP666127.2_10090_104,0.5,3,0,3
G105_103_104,0.5,3,3,0
G106_102_105,0.5,0,0,0
G107_101_106,0.5,0,0,0
G108_100_107,0.5,0,0,0
G109_99_108,0.5,5,5,0
G110_96_109,0.5,15,15,0
G111_85_110,0.5,6,6,0
G112_74_111,0.5,0,0,0
G113_73_112,0.5,0,0,0
G114_52_113,0.5,0,0,0
G115_51_114,0.5,14,14,0
G116_24_115,0.5,0,0,0
