DATASET_PIECHART
SEPARATOR COMMA
DATASET_LABEL,Pie : modules gains / losts
COLOR,#990000
FIELD_COLORS,#00FF00,#990000
FIELD_LABELS,gain,lost
DATA
NP001024582.1_6239_0,0,17,0,17
XP018668081.2_7719_1,0,16,0,16
XP031747766.1_8364_2,0,29,0,29
XP001920501.5_7955_3,0,53,1,52
G4_2_3,0,37,5,32
XP010808812.1_9913_5,0,18,0,18
NP001278744.1_9606_6,0,31,0,31
XP006498564.1_10090_7,0,15,0,15
G8_6_7,0,20,11,9
G9_5_8,0,93,48,45
G10_4_9,0,34,17,17
XP005160777.1_7955_11,0,51,0,51
XP012816895.2_8364_12,0,61,0,61
XP025008796.2_9031_13,0,43,0,43
NP001179466.3_9913_14,0,9,0,9
NP114141.2_9606_15,0,0,0,0
XP006529820.1_10090_16,0,1,0,1
G17_15_16,0,12,3,9
G18_14_17,0,43,26,17
G19_13_18,0,53,40,13
G20_12_19,0,41,33,8
G21_11_20,0,61,57,4
G22_10_21,0,89,88,1
G23_1_22,0,25,25,0
G24_0_23,0,16,16,0
XP018668509.1_7719_25,0,10,0,10
NP001293878.1_6239_26,0,10,0,10
G27_25_26,0,9,1,8
XP031754335.1_8364_28,0,13,0,13
NP571117.2_7955_29,0,13,0,13
NP989496.1_9031_30,0,11,0,11
NP001091498.1_9913_31,0,11,0,11
NP006477.3_9606_32,0,11,0,11
NP034310.2_10090_33,0,13,0,13
G34_32_33,0,2,2,0
G35_31_34,0,11,4,7
G36_30_35,0,1,1,0
G37_29_36,0,5,3,2
G38_28_37,0,12,6,6
XP001341277.2_7955_39,0,25,0,25
XP017949170.2_8364_40,0,19,0,19
XP015148926.2_9031_41,0,13,0,13
XP002697177.1_9913_42,0,13,0,13
NP001004019.1_9606_43,0,3,0,3
NP032018.2_10090_44,0,4,0,4
G45_43_44,0,14,8,6
G46_42_45,0,17,7,10
G47_41_46,0,6,3,3
G48_40_47,0,4,4,0
G49_39_48,0,16,13,3
G50_38_49,0,14,12,2
G51_27_50,0,5,5,0
XP002125565.2_7719_52,0,15,0,15
XP002119967.2_7719_53,0,3,0,3
XP040501945.1_9031_54,0,2,0,2
XP031756690.1_8364_55,0,8,0,8
G56_54_55,0,3,1,2
XP002665476.3_7955_57,0,1,0,1
XP017209808.2_7955_58,0,7,0,7
G59_57_58,0,4,2,2
G60_56_59,0,6,5,1
XP001918972.3_7955_61,0,2,0,2
NP001313425.1_9031_62,0,3,0,3
XP002940445.2_8364_63,0,2,0,2
XP002691171.2_9913_64,0,2,1,1
XP011508887.1_9606_65,0,1,0,1
NP077199.2_10090_66,0,1,0,1
G67_65_66,0,2,1,1
G68_64_67,0,4,2,2
G69_63_68,0,1,1,0
G70_62_69,0,0,0,0
G71_61_70,0,6,6,0
G72_60_71,0,10,10,0
G73_53_72,0,15,1,14
XP002128973.1_7719_74,0,9,0,9
NP001005979.1_7955_75,0,2,0,2
NP001025619.1_8364_76,0,1,0,1
NP001264403.1_9031_77,0,0,0,0
XP005222280.1_9913_78,0,0,0,0
NP001371087.1_9606_79,0,1,0,1
NP001348916.1_10090_80,0,0,0,0
G81_79_80,0,0,0,0
G82_78_81,0,1,1,0
G83_77_82,0,2,1,1
G84_76_83,0,3,3,0
G85_75_84,0,4,1,3
NP001008587.1_7955_86,0,0,0,0
NP001153830.1_7955_87,0,0,0,0
G88_86_87,0,4,1,3
XP002939376.2_8364_89,0,4,0,4
NP001157824.1_10090_90,0,7,0,7
NP001069517.1_9913_91,0,3,0,3
NP058634.4_9606_92,0,2,0,2
G93_91_92,0,2,0,2
G94_90_93,0,3,3,0
G95_89_94,0,2,2,0
G96_88_95,0,1,0,1
NP001103991.1_7955_97,0,10,0,10
XP009305317.1_7955_98,0,5,0,5
G99_97_98,0,3,0,3
XP002936872.1_8364_100,0,4,0,4
XP025004920.1_9031_101,0,3,0,3
NP001075186.1_9913_102,0,7,0,7
NP001034437.1_9606_103,0,7,0,7
NP666127.2_10090_104,0,4,0,4
G105_103_104,0,0,0,0
G106_102_105,0,5,5,0
G107_101_106,0,1,1,0
G108_100_107,0,2,0,2
G109_99_108,0,1,1,0
G110_96_109,0,4,3,1
G111_85_110,0,13,10,3
G112_74_111,0,2,2,0
G113_73_112,0,0,0,0
G114_52_113,0,8,1,7
G115_51_114,0,5,5,0
G116_24_115,0,22,22,0
